%YAML:1.0
---
K0: !!opencv-matrix
  rows: 3
  cols: 3
  dt: d
  data: [ 705.0, 0.0, 320.0,
          0.0, 705.0, 256.0,
          0.0,    0.0,   1.0 ]

C0: !!opencv-matrix
  rows: 1
  cols: 5
  dt: d
  data: [ 0.0, 0.0, 0.0, 0.0, 0.0 ]

K1: !!opencv-matrix
  rows: 3
  cols: 3
  dt: d
  data: [ 701.0, 0.0, 320,
          0.0, 701.0, 256,
          0.0,    0.0,   1.0 ]

C1: !!opencv-matrix
  rows: 1
  cols: 5
  dt: d
  data: [ 0.0, 0.0, 0.0, 0.0, 0.0 ]

R_01: !!opencv-matrix
  rows: 3
  cols: 3
  dt: d
  data: [ 0.9999822109514499,  -0.004819057133021572, -0.00351489245904489,
          0.004792026556574528, 0.9999591903255969,   -0.00765860071147016,
          0.003551656251815651, 0.00764162101424303,   0.9999644950527712 ]

t_01: !!opencv-matrix
  rows: 3
  cols: 1
  dt: d
  data: [ 99.61133961472738, -1.164020232926638, -2.575178874975808 ]

max_frame_points: 100

min_frame_points: 50

max_key_frames: 3
